# Created by Octave 3.8.1, Sat Sep 10 22:01:14 2016 CEST <cristian14@cristian14-HP-ENVY-4-Notebook-PC>
# name: y3
# type: matrix
# rows: 62
# columns: 1
 0
 0
 0
 0
 0
 0
 0
 0
 0
 0
 0
 0
 0
 0
 0
 0
 1
 1
 0
 1
 1
 1
 1
 1
 1
 1
 1
 1
 2
 4
 7
 17
 30
 34
 40
 63
 104
 96
 218
 157
 153
 160
 162
 107
 105
 88
 124
 94
 99
 78
 92
 128
 103
 34
 13
 6
 4
 1
 0
 0
 0
 0


